00083100                   00000          421890270                    NAC
00083100                   00000       131359813344                    EXT
000831021                  00000       105154291158                    EXT
000831021                  00000           36851357                    NAC
0008311204                 00001          198192491                    NAC
0008311204                 00001         8665391111                    EXT
0008311204                 00000          542420476                    NAC
0008311204                 00000         8041244946                    EXT
0008311204                 02145           12170884                    EXT
0008311201                 00000         1550912574                    EXT
000831224101               00000         1308347260                    EXT
0008312241111              00000            1949354                    EXT
00083122100                00000          158194016                    EXT
00083122101                00000           14593979                    EXT
00083122110                00000                 15                    EXT
00083122111                00000         3312090425                    EXT
00083122200                00000         7727537385                    EXT
00083122201                00000         4942121679                    EXT
00083122209                00000         1096544025                    EXT
00083122210                00000         7122523878                    EXT
0008312221210              00000           72106943                    EXT
0008312221211              00000          154434633                    EXT
000831222122               00000         1798933632                    EXT
000831222140               00000          259497505                    EXT
000831222141               00000          137536013                    EXT
000831222159               00000        75815519843                    EXT
00083122300                00000         3505961457                    EXT
00083122301                00000        92059346485                    EXT
00083122309                00000         1206405873                    EXT
00083122310                00000           73974095                    EXT
0008312231210              00000        19099906363                    EXT
0008312231211              00000         4364889271                    EXT
000831223122               00000        14387517210                    EXT
000831223140               00000            3749810                    EXT
000831223141               00000            9500037                    EXT
00083122315                00000        30251524113                    EXT
00083131003                00000         7861792639                    EXT
000831310019               00000           12810185                    EXT
00083130141                00000         2528904604                    EXT
00083130141                00000            4621271                    NAC
00083131019                00000          154226425                    EXT
00083131103                00000       117282444112                    EXT
00083130241                00000        29309912906                    EXT
00083140300                00000         2512695775                    EXT
00083140301                00000          144298437                    EXT
000831403121               00000           10515695                    EXT
000831403122               00000          100135186                    EXT
00083140314                00000           25162364                    EXT
000831403152               00000         1802963413                    EXT
00083140400                00000         1878123283                    EXT
00083140401                00000         1404060032                    EXT
000831404121               00000           77247137                    EXT
000831404122               00000          524762467                    EXT
00083140415                00000         1733057827                    EXT
00083150                   00001           92235446                    NAC
00083150                   00001           76148826                    EXT
00083150                   00513          192151015                    EXT
00083150                   00579          145811728                    EXT
00083150                   00697             122716                    EXT
00083150                   01152             209323                    EXT
00083151                   01024         1477070326                    EXT
0008315301                 00000            5223237                    EXT
0008315330                 00000            5543882                    EXT
0008315331                 00000         2565104158                    EXT
0008315333                 00000            3568296                    EXT
0008316000                 00000        22381610931                    EXT
00083160010                00000          480547612                    EXT
00083160011                00000         7632341661                    EXT
0008316002                 00000         6608823064                    EXT
0008316003                 00000         1071329809                    EXT
000831601011               00000           19093991                    EXT
000831605010               00000            8435558                    EXT
000831605011               00000             428000                    EXT
00083160510                00000          195119750                    EXT
00083160600                00000         4076133214                    EXT
0008316100                 00000        -2007215913                    EXT
0008316101                 00000        -3158472278                    EXT
0008316102                 00000        -2746867684                    EXT
000831611011               00000            -460957                    EXT
00083161600                00000         -538601158                    EXT
0008316200                 00000          149239946                    EXT
0008316209                 00000         -135609652                    EXT
0008316210091              00579          695012759                    EXT
0008316210092              00579         6393862439                    EXT
0008316210092              04074           37581846                    EXT
00083162109                00579        -2382858159                    EXT
00083162109                04074          -37581847                    EXT
000831621901               00000          222800920                    EXT
000831621902               00000         1176758414                    EXT
00083162199                00000         -624408047                    EXT
0008316250                 00000           65000000                    EXT
0008316260                 00000          892000000                    EXT
0008316280                 00000          521341609                    EXT
0008316269                 00000         -267600000                    EXT
0008316289                 00000         -156402483                    EXT
0008317109                 00000          176528687                    EXT
00083171101                00000         2294082873                    EXT
00083173210                00000           83156000                    EXT
000831732110               00000          159634316                    EXT
00083173210                00001           57853343                    EXT
00083173220                00000         3729090601                    EXT
000831732210               00000         3804451402                    EXT
000831732211               00000           76047516                    EXT
00083173290                00000             215050                    EXT
000831732910               00000           25238315                    EXT
000831732911               00000         2350943634                    EXT
000831732912               00000          296219692                    EXT
0008317500                 00000          151969542                    EXT
000831790                  00000          173911546                    EXT
0008317992                 00000         2075004875                    EXT
00083182                   00000         1226181775                    EXT
00083189                   00000            2142479                    EXT
0008321301                 00000          -70001918                    EXT
00083213080                00000        -1396645064                    EXT
00083213080                00001         -226357679                    EXT
00083213081                00000          -41970614                    EXT
00083223100                01115            -414458                    EXT
0008322340                 00000        -2141522470                    EXT
0008322342                 00000        -8955959370                    EXT
00083223440                00000          -86174091                    EXT
00083223441                00000           -1319433                    EXT
00083223200                00399         -146953500                    EXT
00083223200                00513         -538820493                    EXT
00083223200                00518          -44767428                    EXT
00083223200                00579         -512547690                    EXT
00083223200                00587           -2924646                    EXT
00083223200                00621         -325080047                    EXT
00083223200                00697            -921307                    EXT
00083223200                00668          -75216444                    EXT
00083223200                01024         -236677665                    EXT
00083223200                01152           -2004121                    EXT
00083223200                01239          -95717287                    EXT
00083223200                04092            -287403                    EXT
00083223200                00000      -195227146844                    EXT
00083223201                00000       -23312197907                    EXT
00083223209                00000        -2108211679                    EXT
00083223300                00000        -3000000001                    EXT
00083223301                00000      -193700883074                    EXT
00083223309                00000        -6219436869                    EXT
00083223210                04092            -500000                    EXT
00083223210                01024         -135000000                    EXT
00083223210                00000       -78186408685                    EXT
00083223310                00000       -72479105498                    EXT
0008323289                 00000        -6121043655                    EXT
0008324010                 00000           -3104200                    EXT
00083241200                00000            -392625                    EXT
000832412020               00000           -5442992                    EXT
00083241204                00579         -562138936                    EXT
00083241204                00587           -2504053                    EXT
00083241204                04074         -389159720                    EXT
00083241204                01239           -1401759                    EXT
00083241204                00000       -23198520624                    EXT
000832412055               00000        -3745574967                    EXT
00083241231                00000        -5452924529                    EXT
00083241240                00000        -7116184716                    EXT
00083241242                00000         -157103247                    EXT
00083241242                00001          -21761871                    EXT
0008324129                 00399          -50067199                    EXT
0008324129                 00513          -21394542                    EXT
0008324129                 00697                -12                    EXT
0008324129                 00000        -2643568398                    EXT
0008324300                 00000         -928292820                    EXT
0008324500                 00000         -782801410                    EXT
0008324501                 00000        -4288606628                    EXT
0008324509                 00000        -1129269724                    EXT
000832490                  00000         -176618473                    EXT
000832490                  00000            -743931                    NAC
0008324991                 00000         -704224098                    EXT
00083251                   00000        -5511489437                    EXT
00083259                   00001         -152798636                    EXT
00083259                   00001          -92235445                    NAC
00083259                   00000        -1038573738                    EXT
000832602                  00000           -1966893                    EXT
00083261                   00000         -254681768                    EXT
0008326400041511           00000       -13902331152                    EXT
0008326499                 00000         -105943545                    EXT
000832690                  00000        -1303473155                    EXT
000832691                  00000        -1523529818                    EXT
000832699                  00000         -990308248                    EXT
0008327102                 00001       -10367617032                    EXT
000832800                  00000        -4397500060                    EXT
0008328100                 00000        -1339060000                    EXT
00083281020                00000       -32995587250                    EXT
000832810211               00000        -7817075082                    EXT
000832811                  00000       -23507941246                    EXT
00083282000                00000         8202895981                    EXT
00083282001                00000        -2468913546                    EXT
0008328311                 00000        -6446970000                    EXT
000832844                  00000         4701970000                    EXT
00083286                   00000          250577067                    EXT
000833000313               00000         1613990707                    EXT
000833000323               00000          364230148                    EXT
00083300120                00001            2504649                    EXT
00083300120                00051            6076215                    EXT
00083300120                00053            1360973                    EXT
000833001302               00000           59895980                    NAC
000833001302               00000          985236206                    EXT
00083303033                00000          548737663                    EXT
00083310201                00000          112725077                    NAC
00083310201                00000        68610608618                    EXT
00083310200                00000          208071225                    EXT
00083310202                00000       483806827193                    EXT
00083316                   00000         5355386288                    EXT
00083320010                00000         2709339143                    EXT
00083320011                00000           10004101                    NAC
00083320011                00000         4648532299                    EXT
00083320020                00000         7808892413                    EXT
00083320021                00000           13486638                    NAC
00083320021                00000         3085583826                    EXT
0008332050                 00000         3693161630                    EXT
00083340100                00000       149333010510                    EXT
00083340110                00000           67588296                    NAC
00083340110                00000       352647028559                    EXT
0008334020                 00000        26247218166                    EXT
0008334020                 00000             844315                    NAC
0008335100                 00000             321754                    NAC
0008335101                 00000                  2                    NAC
0008335102                 00001          116112026                    EXT
0008335102                 00000             413861                    EXT
000833540000               00000         1899402952                    EXT
000833540020               00000          -88248575                    EXT
00083354090                00000         9176524332                    EXT
000833599                  00000         1759180293                    NAC
000833599                  00000        83163993492                    EXT
0008336011                 00000         7957840636                    EXT
000833602                  00000         3518952422                    EXT
000833631                  00000           97527576                    EXT
0008339                    00001         -118616675                    EXT
0008339                    00051           -6076215                    EXT
0008339                    00053           -1360973                    EXT
0008339                    00000        -2024046454                    NAC
0008339                    00000     -1217392261292                    EXT
00083402101                00001              43133                    EXT
0008340131                 00001          128135625                    EXT
00083402101                00000            7817634                    EXT
00083402109                00000            7757948                    EXT
0008340220111              00000          665755315                    EXT
000834022102               00000         2247539532                    EXT
000834022111               00000           49886944                    EXT
000834022112               00000          591806707                    EXT
000834022121               00000         4428421305                    EXT
000834022122               00000         8049978898                    EXT
000834022181               00000           45770375                    EXT
0008340231                 00000          625579647                    EXT
000834029                  00000             498390                    EXT
000834111                  00001            1535759                    EXT
000834112                  00000          157680413                    EXT
000834113                  00000         2599978578                    EXT
0008341140                 00000            5705213                    EXT
0008341141                 00000            2224496                    EXT
000834199                  00000          209219175                    EXT
000834201                  00000           75215428                    EXT
0008343000                 00000         3087228780                    EXT
0008343001                 00000         1002496204                    EXT
000834301                  00000          755731574                    EXT
0008343040                 00000          128870073                    EXT
0008343041                 00000            2832875                    EXT
0008343049                 00000           17601326                    EXT
000834305                  00000             439562                    EXT
000834307                  00000            9561089                    EXT
00083431010                00000          197853358                    EXT
0008343102                 00000          128670162                    EXT
00083431030                00000           36899260                    EXT
000834310310               00000           18081129                    EXT
000834310311               00000           62930315                    EXT
000834311011               00000          418454935                    EXT
00083431102                00000           67167272                    EXT
00083431103                00000             513505                    EXT
00083431104101             00579          274898355                    EXT
0008343110411              00000          592391377                    EXT
00083431110                00000           46358284                    EXT
00083431111                00000          447091687                    EXT
00083431112                00000          202118188                    EXT
00083431113                00000           56108736                    EXT
00083431114                00000            3190369                    EXT
00083431120                00000          108328067                    EXT
00083431121                00000             107959                    EXT
00083431122                00000           21528355                    EXT
00083431123                00000           19536095                    EXT
00083431124                00000           16319520                    EXT
00083431130                00000            4424737                    EXT
00083431140                00000            9586975                    EXT
00083431141                00000           71940173                    EXT
00083431141                00001           13556817                    EXT
00083431150                00000          353271802                    EXT
00083431151                00000          585989762                    EXT
0008343116                 00000           99470909                    EXT
00083431170                00000           36896197                    EXT
00083431171                00000            7372679                    EXT
00083431172                00000            8599600                    EXT
00083431176                00000              34164                    EXT
00083431177                00000             657363                    EXT
000834311910               00000            4855033                    EXT
000834311912               00001          148643017                    EXT
000834311912               00587            6125001                    EXT
000834311912               01239           30107281                    EXT
000834311913               00000          462077206                    EXT
000834311915               00000           14757783                    EXT
00083431192                00000            3296605                    EXT
00083431193                00000            4853927                    EXT
00083431194                00000            9076645                    EXT
00083431195                00000           35309903                    EXT
000834311961               00000           17247040                    EXT
00083431197                00000           14921820                    EXT
00083431199                00000             579241                    EXT
0008343120                 00000          119214335                    EXT
0008343121                 00000          647996950                    EXT
0008344000                 00000          244716074                    EXT
0008344001                 00000          346466421                    EXT
0008344002                 00000          261548969                    EXT
0008344003                 00000            7274256                    EXT
0008344060                 00000          180605723                    EXT
0008344110                 00579          410980223                    EXT
0008344119                 00000           66306346                    EXT
000834416                  00000           22300000                    EXT
000834418                  00000           13033540                    EXT
00083450                   00000          178213890                    EXT
0008345900                 00000            3908544                    EXT
0008345901                 00000           66416946                    EXT
0008345902                 00000              17482                    EXT
0008345903                 00000           17209178                    EXT
0008345904                 00000            2492537                    EXT
0008345905                 00000            1024266                    EXT
0008345906                 00000           80870589                    EXT
000834591                  00000           30750855                    EXT
00083460002                00000         1830546488                    EXT
00083474900                00000             866909                    EXT
00083474901                00000             165933                    EXT
00083474903                00000            8138396                    EXT
00083474905                00000             401108                    EXT
00083474906                00000            3839069                    EXT
0008347491                 00000          212210395                    EXT
0008347498                 00000          551601898                    EXT
0008347499                 00000          100834341                    EXT
000834910                  00000         2384425129                    EXT
000834911                  00000         -249543114                    EXT
00083502101                00000         -178006152                    EXT
00083502102                00000           -9823346                    EXT
00083502103                00000         -644470060                    EXT
000835022011               00000            -187443                    EXT
000835022101               00000         -732237788                    EXT
000835022102               00000           -2009037                    EXT
000835022111               00000         -708502098                    EXT
000835022112               00000        -3382299432                    EXT
000835022141               00000          -25844974                    EXT
000835022142               00000                 -1                    EXT
000835022151               00000        -3579872062                    EXT
000835022152               00000         -494060946                    EXT
000835022171               00587               -374                    EXT
000835022171               00000        -2790383271                    EXT
000835022172               00000        -7069615369                    EXT
00083503410                00000        -1350621927                    EXT
00083503414                00000       -12096642024                    EXT
000835029                  00000         -187339859                    EXT
000835200                  00000          -45240041                    EXT
000835210                  00000           -5296340                    EXT
000835211                  00000        -2361923245                    EXT
000835211                  00399             -16325                    EXT
000835211                  00579             -22161                    EXT
0008352121                 00000        -3135988864                    EXT
000835213                  00000         -778157025                    EXT
000835214                  00000         -432763225                    EXT
000835220                  00000          -49708638                    EXT
000835221                  00000          -41826283                    EXT
0008352221                 00544           -1392051                    EXT
00083522200                00000          -29746086                    EXT
0008352231                 00000          -14030419                    EXT
00083523                   00000         -171905324                    EXT
000835240                  00000         -210898640                    EXT
000835242                  00000         -513193187                    EXT
00083527                   00000          -99901798                    EXT
000835299                  00697             -10030                    EXT
000835299                  00511             -16439                    EXT
000835299                  00518              -1500                    EXT
000835299                  01239              -3766                    EXT
000835299                  00000          -88564566                    EXT
000835300                  00000         -886534805                    EXT
000835302                  00000         -509897422                    EXT
000835350                  00000         -530641790                    EXT
000835351                  00000          -70329075                    EXT
000835360                  00000           -1014385                    EXT
0008354030                 00000          -88248575                    EXT
00083550                   00513             -41150                    EXT
0008355901                 00000           -1495968                    EXT
0008355903                 00000            -211378                    EXT
0008355906                 00000           -6560814                    EXT
000835591                  00000           -3990511                    EXT
000835591                  00518            -873102                    EXT
00083514                   00513            6864589                    EXT
000835631                  00000           -3137575                    EXT
