00083100                   00000          404996670                    NAC
00083100                   00000        82579536330                    EXT
0008310201                 00000        63301151600                    EXT
000831021                  00000       108626216003                    EXT
000831021                  00000           34832922                    NAC
0008311204                 00001          724590586                    NAC
0008311204                 00001          129654097                    EXT
0008311204                 00000           33729752                    NAC
0008311204                 00000         2365012962                    EXT
0008311204                 02145           11133472                    EXT
0008311201                 00000          660241858                    EXT
000831224101               00000            1104976                    EXT
0008312241111              00000            4670573                    EXT
00083122100                00000           13167677                    EXT
00083122101                00000            7720093                    EXT
00083122109                00000          300000000                    EXT
00083122111                00000         2909838266                    EXT
00083122200                00000         3361541848                    EXT
00083122201                00000         5376443568                    EXT
00083122209                00000         3050274259                    EXT
00083122210                00000        12444051341                    EXT
0008312221210              00000           64067084                    EXT
0008312221211              00000          145624678                    EXT
000831222122               00000         1981697011                    EXT
000831222140               00000          302478028                    EXT
000831222141               00000          172539385                    EXT
000831222159               00000        85232922761                    EXT
00083122300                00000         2001492959                    EXT
00083122301                00000        92670554971                    EXT
00083122309                00000         1250192420                    EXT
00083122310                00000           98009850                    EXT
0008312231210              00000        17534062883                    EXT
0008312231211              00000         4380365646                    EXT
000831223122               00000        15296712973                    EXT
000831223140               00000            4213563                    EXT
000831223141               00000            7696645                    EXT
00083122315                00000        26500186769                    EXT
000831310019               00000          114917488                    EXT
00083130141                00000         2722291937                    EXT
00083130141                00000            4808776                    NAC
00083131019                00000          123809894                    EXT
00083131103                00000         4570941980                    EXT
00083130241                00000        21478501146                    EXT
00083140300                00000         2563656466                    EXT
00083140301                00000          202570028                    EXT
000831403121               00000            9868964                    EXT
000831403122               00000          137376622                    EXT
00083140314                00000           14601750                    EXT
000831403152               00000         1185795822                    EXT
00083140400                00000         2325517490                    EXT
00083140401                00000         1967188660                    EXT
000831404121               00000           78080921                    EXT
000831404122               00000          516007574                    EXT
00083140415                00000         2240366459                    EXT
00083150                   00001          219516850                    NAC
00083150                   00513          199015604                    EXT
00083150                   00579          150198195                    EXT
00083150                   00697             122716                    EXT
00083150                   01152             209323                    EXT
00083151                   01024         1477070326                    EXT
0008315301                 00000            2122985                    EXT
0008315330                 00000            5543881                    EXT
0008315331                 00000         2883107274                    EXT
0008315333                 00000            3568296                    EXT
0008316000                 00000        16590239283                    EXT
00083160010                00000         2975985093                    EXT
00083160011                00000         4656356568                    EXT
0008316002                 00000         6240021293                    EXT
0008316003                 00000          940797682                    EXT
000831601011               00000           19093991                    EXT
000831605010               00000            8435558                    EXT
000831605011               00000             428000                    EXT
00083160510                00000          353139357                    EXT
00083160600                00000         4180300055                    EXT
0008316100                 00000        -1718658071                    EXT
0008316101                 00000        -2812005857                    EXT
0008316102                 00000        -2499425516                    EXT
000831611011               00000            -460957                    EXT
00083161600                00000         -676115319                    EXT
0008316200                 00000          149239944                    EXT
0008316209                 00000         -135609650                    EXT
0008316210091              00579         2746793892                    EXT
0008316210092              00579         3875149182                    EXT
0008316210092              04074           37581846                    EXT
00083162109                00579        -1988345093                    EXT
00083162109                04074          -37581847                    EXT
000831621901               00000         1030181749                    EXT
000831621902               00000          139369847                    EXT
00083162199                00000         -541634545                    EXT
0008316250                 00000           65000000                    EXT
0008316260                 00000          892000000                    EXT
0008316280                 00000          521341609                    EXT
0008316269                 00000         -245300000                    EXT
0008316289                 00000         -143368943                    EXT
0008317109                 00000          153827459                    EXT
00083171101                00000         2961568512                    EXT
000831732110               00000          477900196                    EXT
00083173210                00001          134204673                    EXT
00083173220                00000         3494896422                    EXT
000831732210               00000         3729983241                    EXT
000831732211               00000           74653408                    EXT
00083173290                00000             215050                    EXT
000831732910               00000           25841940                    EXT
000831732911               00000         2473191025                    EXT
000831732912               00000          319196638                    EXT
0008317500                 00000          277530068                    EXT
000831790                  00000          603919868                    EXT
0008317992                 00000         1752577485                    EXT
00083182                   00000         1251000101                    EXT
00083189                   00000            2635830                    EXT
00083213080                00001             -42812                    EXT
00083223200                00621         -770674723                    EXT
0008321301                 00000          -70379726                    EXT
00083213080                00000          -54853710                    NAC
00083213080                00000        -1122552342                    EXT
00083213081                00000         -448685831                    EXT
00083223100                01115            -419903                    EXT
0008322340                 00000        -1356370303                    EXT
0008322342                 00000        -1671137228                    EXT
00083223440                00000           -2133026                    EXT
00083223441                00000           -1315682                    EXT
00083223200                00399         -138069391                    EXT
00083223200                00511           -2117576                    EXT
00083223200                00513         -413516719                    EXT
00083223200                00518          -26343050                    EXT
00083223200                00579        -1027801188                    EXT
00083223200                00587            -508757                    EXT
00083223200                00697            -909903                    EXT
00083223200                00668         -214882068                    EXT
00083223200                01024         -321570000                    EXT
00083223200                01152           -2029013                    EXT
00083223200                01239         -102285477                    EXT
00083223200                04092            -376461                    EXT
00083223200                00000      -122682573274                    EXT
00083223201                00000       -22941979323                    EXT
00083223209                00000        -1283526799                    EXT
00083223300                00000        -2459803507                    EXT
00083223301                00000      -183683357401                    EXT
00083223309                00000        -5400787851                    EXT
00083223210                00587            -434067                    EXT
00083223210                04092            -500000                    EXT
00083223210                00000       -67086336131                    EXT
00083223310                00000       -61842617210                    EXT
0008323289                 00000        -4757287766                    EXT
0008324010                 00000          -84522986                    EXT
00083241200                00000            -262259                    EXT
000832412020               00000           -5442992                    EXT
00083241204                00518             -49058                    EXT
00083241204                00579           -3777224                    EXT
00083241204                00587           -2504053                    EXT
00083241204                04074         -367844528                    EXT
00083241204                01239           -1401759                    EXT
00083241204                00000       -25345619680                    EXT
000832412055               00000        -3921842406                    EXT
00083241231                00000        -6723717942                    EXT
00083241240                00000        -9278435977                    EXT
00083241242                00000         -192118723                    EXT
00083241242                00001         -134204673                    EXT
0008324129                 00399          -24559406                    EXT
0008324129                 00513           -7635137                    EXT
0008324129                 00697                -12                    EXT
0008324129                 00000        -2870482713                    EXT
0008324300                 00000         -831064381                    EXT
0008324500                 00000        -4288606628                    EXT
0008324509                 00000         -948541925                    EXT
000832490                  00000         -670935888                    EXT
000832490                  00000            -862336                    NAC
0008324991                 00000         -722432710                    EXT
00083251                   00000        -6654371633                    EXT
00083259                   00001         -241423113                    EXT
00083259                   00001         -219516850                    NAC
00083259                   00000         -375503153                    EXT
000832602                  00000           -1827325                    EXT
00083261                   00000         -254704768                    EXT
0008326400041511           00000       -14894460986                    EXT
000832642111               00000            -100000                    EXT
000832642300               00000           -2038532                    EXT
000832642301               00000            -428000                    EXT
0008326499                 00000         -117120601                    EXT
000832690                  00000        -1203258602                    EXT
000832691                  00000        -1073090572                    EXT
000832699                  00000        -1349031821                    EXT
0008327102                 00001        -9752562523                    EXT
000832800                  00000        -5144660533                    EXT
00083281020                00000        -6549703808                    EXT
000832810211               00000       -28652074165                    EXT
000832811                  00000        -1271327599                    EXT
00083282000                00000         8334077175                    EXT
00083282001                00000        -2495088417                    EXT
0008328311                 00000        -5989500000                    EXT
000832844                  00000         4244500000                    EXT
00083286                   00000          250577067                    EXT
000833000313               00000         1589255781                    EXT
000833000323               00000          337497521                    EXT
00083300120                00001            3812964                    EXT
00083300120                00051           11621157                    EXT
00083300120                00053            1327620                    EXT
000833001302               00000           74998358                    NAC
000833001302               00000          171578246                    EXT
00083303033                00000          949016964                    EXT
00083310201                00000          134331354                    NAC
00083310201                00000        67612060981                    EXT
00083310200                00000          265706418                    EXT
00083310202                00000       406606348181                    EXT
00083316                   00000        10077656736                    EXT
00083320010                00000          299475000                    EXT
00083320011                00000         1584563430                    EXT
00083320020                00000          299475000                    EXT
00083320021                00000         1642919850                    EXT
0008332050                 00000         4004461483                    EXT
00083340100                00000       159727261182                    EXT
00083340110                00000           62774077                    NAC
00083340110                00000       552312886435                    EXT
0008334020                 00000        22215984495                    EXT
0008334020                 00000             798069                    NAC
0008335101                 00001          134308548                    NAC
0008335101                 00000                  2                    NAC
0008335102                 00001          134350475                    EXT
0008335102                 00000            3739901                    EXT
000833540000               00000         9085708112                    EXT
000833540020               00000         -257912485                    EXT
00083354090                00000          572895500                    EXT
000833599                  00000         1523268395                    NAC
000833599                  00000        88469860991                    EXT
0008336011                 00000         7138535971                    EXT
000833602                  00000         3244386015                    EXT
000833631                  00000           97527576                    EXT
0008339                    00001         -134308548                    NAC
0008339                    00001         -138163438                    EXT
0008339                    00051          -11621157                    EXT
0008339                    00053           -1327620                    EXT
0008339                    00000        -1796170254                    NAC
0008339                    00000     -1338050889286                    EXT
00083402101                00001              73863                    EXT
0008340131                 00001          407099092                    EXT
00083402101                00000           57322948                    EXT
00083402103                00000           37741051                    EXT
00083402109                00000           95598814                    EXT
0008340220111              00000          780020225                    EXT
000834022102               00000         8271786229                    EXT
000834022111               00000           40445140                    EXT
000834022112               00000         2003801563                    EXT
000834022121               00399           10757613                    EXT
000834022121               00511            3090377                    EXT
000834022121               00587            1124790                    EXT
000834022121               00697            1628415                    EXT
000834022121               01152             338181                    EXT
000834022121               04092              57555                    EXT
000834022121               00000         1827747126                    EXT
000834022122               00000        43192498381                    EXT
000834022181               00000           67902239                    EXT
0008340231                 00000         3584522535                    EXT
000834029                  00000          110596974                    EXT
000834111                  00001            7866650                    EXT
000834111                  00000           21729218                    EXT
000834112                  00000          741562623                    EXT
000834113                  00000         7539367987                    EXT
0008341140                 00000           35161650                    EXT
0008341141                 00000           41093846                    EXT
000834199                  00000         1266772476                    EXT
000834201                  00000          629606997                    EXT
000834220                  00000           29923270                    EXT
000834250                  00000         1948868051                    EXT
0008343000                 00000        10623395940                    EXT
0008343001                 00000         3001712797                    EXT
000834301                  00000         2425520426                    EXT
0008343040                 00000          455879463                    EXT
0008343041                 00000           47002693                    EXT
0008343049                 00000           67668923                    EXT
000834305                  00000            8007570                    EXT
000834307                  00000           41279535                    EXT
0008343100                 00000           27373646                    EXT
00083431010                00000          755297374                    EXT
0008343102                 00000          366133596                    EXT
00083431030                00000           83553340                    EXT
000834310310               00000           52583522                    EXT
000834310311               00000           84076776                    EXT
000834311011               00000          727708354                    EXT
00083431102                00000          281568736                    EXT
00083431103                00000            5396052                    EXT
00083431104101             00579          736494066                    EXT
00083431104101             04074          269847914                    EXT
0008343110411              00000         2555412929                    EXT
00083431110                00000          116102897                    EXT
00083431111                00000         1276409588                    EXT
00083431112                00000          720871580                    EXT
00083431113                00000          159213589                    EXT
00083431114                00000            3427182                    EXT
00083431120                00000          474675454                    EXT
00083431121                00000           18509958                    EXT
00083431122                00000          129596574                    EXT
00083431123                00000           49417847                    EXT
00083431124                00000          107276155                    EXT
00083431130                00000           32078874                    EXT
00083431140                00000           29298094                    EXT
00083431141                00000          317086217                    EXT
00083431141                00001           40898263                    EXT
00083431150                00000         1069624944                    EXT
00083431151                00000         2375577613                    EXT
0008343116                 00000          224108263                    EXT
00083431170                00000           89889488                    EXT
00083431171                00000           27400087                    EXT
00083431172                00000           25225245                    EXT
00083431176                00000           10171130                    EXT
00083431177                00000            3339126                    EXT
000834311910               00000           26549596                    EXT
000834311911               00000            6772196                    EXT
000834311912               00001          602930803                    EXT
000834311912               00587            6400000                    EXT
000834311912               01239           96472942                    EXT
000834311913               00000         1098822164                    EXT
000834311915               00000           42000451                    EXT
00083431192                00000            4969845                    EXT
00083431193                00000           24911150                    EXT
00083431194                00000           25000000                    EXT
00083431195                00000          102725624                    EXT
000834311960               00000           48388513                    EXT
000834311961               00000          110043291                    EXT
00083431197                00000           61250348                    EXT
00083431199                00000            6215574                    EXT
0008343120                 00000          384910391                    EXT
0008343121                 00000         2066927253                    EXT
0008344000                 00000          746027479                    EXT
0008344001                 00000         1009328600                    EXT
0008344002                 00000          687223863                    EXT
0008344003                 00000           22227440                    EXT
00083440101                00000              89256                    EXT
0008344060                 00000          772000002                    EXT
0008344110                 00579          910245279                    EXT
0008344110                 04074           10743200                    EXT
0008344119                 00000          212412156                    EXT
000834416                  00000           89200000                    EXT
000834418                  00000           52134161                    EXT
00083450                   00000          852769536                    EXT
0008345900                 00000           14250733                    EXT
0008345901                 00000          253993542                    EXT
0008345902                 00000              35979                    EXT
0008345903                 00000           40234717                    EXT
0008345904                 00000            3038753                    EXT
0008345905                 00000            4414634                    EXT
0008345906                 00000          350215920                    EXT
000834591                  00000          128694146                    EXT
00083460002                00000        14958426795                    EXT
000834731                  00000            3178281                    EXT
000834741                  00000          180000000                    EXT
00083474900                00000            2138670                    EXT
00083474901                00000           12240983                    EXT
00083474903                00000            7246884                    EXT
00083474904                00000              13860                    EXT
00083474905                00000            4792721                    EXT
00083474906                00000           10795822                    EXT
0008347491                 00000         1275081428                    EXT
0008347498                 00000         3374509977                    EXT
0008347499                 00000         2056051165                    EXT
00083477021                00000           28417999                    EXT
00083477011                00000             379687                    EXT
000834910                  00000         9844355685                    EXT
000834911                  00000        -4376887484                    EXT
00083502101                00000         -929045942                    EXT
00083502102                00000          -50416256                    EXT
00083502103                00000        -1030791011                    EXT
000835022011               00000           -1303332                    EXT
000835022101               00000         -445018329                    EXT
000835022102               00000        -5078896951                    EXT
000835022111               00000         -243245268                    EXT
000835022112               00000       -15248056625                    EXT
000835022141               00000           -9875426                    EXT
000835022142               00000         -151381121                    EXT
000835022151               00000        -1294897823                    EXT
000835022152               00000       -12887042206                    EXT
000835022171               00587              -7046                    EXT
000835022171               00000         -900622384                    EXT
000835022172               00000       -34916325353                    EXT
00083502413                00000            -777224                    EXT
00083503410                00000        -4751387787                    EXT
00083503414                00000       -31787185326                    EXT
00083503413                00000         -388403889                    EXT
000835029                  00000         -911729229                    EXT
0008351003                 00000        -1299378524                    EXT
000835200                  00000          -85783102                    EXT
000835210                  00000          -22314782                    EXT
000835211                  00000        -8641746345                    EXT
000835211                  00399            -170536                    EXT
000835211                  00579            -292479                    EXT
0008352121                 00000       -10154515142                    EXT
000835213                  00000        -2652333460                    EXT
000835214                  00000        -1871314047                    EXT
000835220                  00000          -51191429                    EXT
000835221                  00000         -167468255                    EXT
0008352221                 00544           -4316335                    EXT
00083522200                00000         -138889389                    EXT
0008352231                 00000          -28354556                    EXT
00083523                   00000        -7618366001                    EXT
000835240                  00000         -712417708                    EXT
000835242                  00000        -1626013830                    EXT
00083527                   00000         -348297833                    EXT
000835299                  00697             -28382                    EXT
000835299                  00511             -55092                    EXT
000835299                  00513            -440000                    EXT
000835299                  00518            -118539                    EXT
000835299                  01239             -35048                    EXT
000835300                  00000         -626084894                    EXT
000835302                  00000        -6382007994                    EXT
000835351                  00000         -435599438                    EXT
000835360                  00000          -12350807                    EXT
0008354030                 00000         -257912485                    EXT
00083550                   00000          -26150537                    EXT
00083550                   00513            -207989                    EXT
00083550                   01239           -1068479                    EXT
0008355900                 00000            -278337                    EXT
0008355901                 00000           -9415569                    EXT
0008355902                 00000               -795                    EXT
0008355903                 00000           -4147741                    EXT
0008355905                 00000            -291037                    EXT
0008355906                 00000          -21576519                    EXT
000835591                  00000         -300336286                    EXT
000835591                  00518           -4142835                    EXT
00083514                   00513          -18098821                    EXT
00083514                   00579          -14365078                    EXT
00083515                   01024         -786772627                    EXT
000835601                  00000        -7378264152                    EXT
0008356301                 00000            -836800                    EXT
000835631                  00000           -5283747                    EXT
