00083100                   00000          403060127                    NAC
00083100                   00000        78865119190                    EXT
0008310201                 00000        13655201974                    EXT
000831021                  00000        83542650570                    EXT
000831021                  00000           35494019                    NAC
0008311204                 00001          205532985                    NAC
0008311204                 00001          339496877                    EXT
0008311204                 00000          220146552                    NAC
0008311204                 00000         2750259529                    EXT
0008311204                 02145           21673771                    EXT
0008311201                 00000          917539963                    EXT
00083112031                00000            4421250                    EXT
000831224101               00000           10809099                    EXT
0008312241111              00000            2068072                    EXT
00083122100                00000            4010320                    EXT
00083122101                00000           13489802                    EXT
00083122109                00000          200000000                    EXT
00083122110                00000             221374                    EXT
00083122111                00000         3213283703                    EXT
00083122200                00511             364204                    EXT
00083122200                00000         9803827076                    EXT
00083122201                00000         4958383457                    EXT
00083122209                00000          792977044                    EXT
00083122210                00000         6173078230                    EXT
0008312221210              00000           69964280                    EXT
0008312221211              00000          149896663                    EXT
000831222122               00000         1829083450                    EXT
000831222140               00000          273874686                    EXT
000831222141               00000          142568223                    EXT
000831222159               00000        80337648385                    EXT
00083122300                00000         2635570313                    EXT
00083122301                00000        91299142251                    EXT
00083122309                00000         1105370166                    EXT
00083122310                00000           85250059                    EXT
0008312231210              00000        18752604228                    EXT
0008312231211              00000         4346671063                    EXT
000831223122               00000        14585586510                    EXT
000831223140               00000            3904394                    EXT
000831223141               00000            7731418                    EXT
00083122315                00000        26801187405                    EXT
00083131003                00000         7323764538                    EXT
000831310019               00000           13584064                    EXT
00083130141                00000         2189224705                    EXT
00083130141                00000            4621271                    NAC
00083131019                00000          139601514                    EXT
00083131103                00000       163895401229                    EXT
00083130241                00000        21863173696                    EXT
00083140300                00000         2633022148                    EXT
00083140301                00000          224845794                    EXT
000831403121               00000           12772145                    EXT
000831403122               00000          127131067                    EXT
00083140314                00000           26379961                    EXT
000831403152               00000         1768118606                    EXT
00083140400                00000         2519677309                    EXT
00083140401                00000         2081347157                    EXT
000831404121               00000           79801738                    EXT
000831404122               00000          593363321                    EXT
00083140415                00000         2221399266                    EXT
00083150                   00001          199515730                    NAC
00083150                   00001          294071874                    EXT
00083150                   00513          206420101                    EXT
00083150                   00579          145811728                    EXT
00083150                   00697             122716                    EXT
00083150                   01152             209323                    EXT
00083151                   01024         1477070326                    EXT
0008315301                 00000           10710287                    EXT
0008315330                 00000            5543881                    EXT
0008315331                 00000         2883214086                    EXT
0008315333                 00000            3568296                    EXT
0008316000                 00000        22610887164                    EXT
00083160010                00000          178806450                    EXT
00083160011                00000         7632341661                    EXT
0008316002                 00000         6495813668                    EXT
0008316003                 00000         1019851746                    EXT
000831601011               00000           19093991                    EXT
000831605010               00000            8435558                    EXT
000831605011               00000             428000                    EXT
00083160510                00000          195113666                    EXT
00083160600                00000         4134842639                    EXT
0008316100                 00000        -1918551801                    EXT
0008316101                 00000        -3040092029                    EXT
0008316102                 00000        -2662564637                    EXT
000831611011               00000            -460957                    EXT
00083161600                00000         -776439150                    EXT
0008316200                 00000          149239944                    EXT
0008316209                 00000         -135609650                    EXT
0008316210091              00579          466932125                    EXT
0008316210092              00579         6275010949                    EXT
0008316210092              04074           37581846                    EXT
00083162109                00579        -2237696310                    EXT
00083162109                04074          -37581847                    EXT
000831621901               00000           24281031                    EXT
000831621902               00000         1188415293                    EXT
00083162199                00000         -593628982                    EXT
0008316250                 00000           65000000                    EXT
0008316260                 00000          892000000                    EXT
0008316280                 00000          521341609                    EXT
0008316269                 00000         -260166667                    EXT
0008316289                 00000         -152057969                    EXT
0008317109                 00000          581169953                    EXT
00083171101                00000         2699428002                    EXT
00083173210                00000          216498595                    EXT
000831732110               00000          404950262                    EXT
00083173210                00001          130606326                    EXT
00083173220                00000         3741067288                    EXT
000831732210               00000         3908032819                    EXT
000831732211               00000           75144842                    EXT
00083173290                00000             215050                    EXT
000831732910               00000           25279283                    EXT
000831732911               00000         3001740624                    EXT
000831732912               00000          335355823                    EXT
0008317500                 00000          107221039                    EXT
000831790                  00000          193541158                    EXT
0008317992                 00000         1893531115                    EXT
00083182                   00000         1322172590                    EXT
00083189                   00000            2222214                    EXT
0008321301                 00000         -102518812                    EXT
00083213080                00000          -69572915                    NAC
00083213080                00000         -468187200                    EXT
00083213081                00000          -41518898                    EXT
00083223100                01115            -416273                    EXT
0008322340                 00000        -1471862126                    EXT
0008322342                 00000       -10802067991                    EXT
00083223440                00000           -2214509                    EXT
00083223441                00000           -1288422                    EXT
00083223200                00399         -146953500                    EXT
00083223200                00513         -538820493                    EXT
00083223200                00518          -44767428                    EXT
00083223200                00579         -512547690                    EXT
00083223200                00587           -2924646                    EXT
00083223200                00621         -884668025                    EXT
00083223200                00697            -921307                    EXT
00083223200                00668          -75216444                    EXT
00083223200                01024         -236677665                    EXT
00083223200                01152           -2004121                    EXT
00083223200                01239          -95717287                    EXT
00083223200                04092            -287403                    EXT
00083223200                00000      -176046251662                    EXT
00083223201                00000       -15474752455                    EXT
00083223209                00000        -1010135419                    EXT
00083223300                00000        -4808355439                    EXT
00083223301                00000      -187053519065                    EXT
00083223309                00000        -4283492954                    EXT
00083223210                04092            -500000                    EXT
00083223210                01024         -130000000                    EXT
00083223210                00000        -1797015544                    EXT
00083223310                00000      -146942107043                    EXT
0008323289                 00000        -7181012998                    EXT
0008324010                 00000           -7470023                    EXT
00083241200                00000            -416381                    EXT
000832412020               00000           -5442992                    EXT
00083241204                00579         -562138940                    EXT
00083241204                00587           -2504053                    EXT
00083241204                04074         -374825876                    EXT
00083241204                01239           -1401759                    EXT
00083241204                00000       -25357190991                    EXT
000832412055               00000        -3805945199                    EXT
00083241231                00000        -6250273723                    EXT
00083241240                00000        -8170281452                    EXT
00083241242                00000         -433947984                    EXT
00083241242                00001         -131786796                    EXT
0008324129                 00399          -50067199                    EXT
0008324129                 00513          -21394542                    EXT
0008324129                 00697                -12                    EXT
0008324129                 00000        -2482685814                    EXT
0008324300                 00000        -1073062246                    EXT
0008324500                 00000         -676646567                    EXT
0008324501                 00000        -4288606628                    EXT
0008324509                 00000        -1128951505                    EXT
000832490                  00000         -242571635                    EXT
000832490                  00000            -716530                    NAC
0008324991                 00000         -657857939                    EXT
00083251                   00000        -5707089060                    EXT
00083259                   00001         -245110310                    EXT
00083259                   00001         -199515730                    NAC
00083259                   00000         -637405099                    EXT
000832602                  00000           -1897891                    EXT
00083261                   00000         -254681768                    EXT
0008326400041511           00000       -14414718331                    EXT
0008326499                 00000          -82533091                    EXT
000832690                  00000        -1220249121                    EXT
000832691                  00000        -1339653537                    EXT
000832699                  00000         -993604208                    EXT
0008327102                 00001       -10098336517                    EXT
000832800                  00000        -5144660533                    EXT
00083281020                00000       -33687861772                    EXT
000832810211               00000        -7817075082                    EXT
000832811                  00000       -23507941246                    EXT
00083282000                00000         9195413866                    EXT
00083282001                00000        -2749591213                    EXT
0008328311                 00000        -6220800000                    EXT
000832844                  00000         4475800000                    EXT
00083286                   00000          250577067                    EXT
000833000313               00000         1623853882                    EXT
000833000323               00000          185136719                    EXT
00083300120                00001            2416782                    EXT
00083300120                00051            5868807                    EXT
00083300120                00053            1375763                    EXT
000833001302               00000           40097392                    NAC
000833001302               00000          151209879                    EXT
00083303033                00000          665957504                    EXT
00083310201                00000          126372858                    NAC
00083310201                00000        66976869712                    EXT
00083310200                00000          199591739                    EXT
00083310202                00000       469602531172                    EXT
00083316                   00000         9185629790                    EXT
00083320010                00000         2427667200                    EXT
00083320011                00000            4343518                    NAC
00083320011                00000         4028571513                    EXT
00083320020                00000         4362336000                    EXT
00083320021                00000            8037357                    NAC
00083320021                00000         3101550912                    EXT
0008332050                 00000         3998977100                    EXT
00083340100                00000       157151724842                    EXT
00083340110                00000           62966124                    NAC
00083340110                00000       487858274482                    EXT
0008334020                 00000        24514225646                    EXT
0008334020                 00000             813216                    NAC
0008335101                 00001          102643200                    NAC
0008335102                 00001          160739150                    EXT
0008335102                 00000            3504580                    EXT
000833540000               00000         1278877752                    EXT
000833540020               00000          -70518131                    EXT
00083354090                00000         9183274734                    EXT
000833599                  00000         1655409819                    NAC
000833599                  00000        82831060242                    EXT
0008336011                 00000         7810002506                    EXT
000833602                  00000         3512939576                    EXT
000833631                  00000           97527576                    EXT
0008339                    00001         -102643200                    NAC
0008339                    00001         -163155932                    EXT
0008339                    00051           -5868807                    EXT
0008339                    00053           -1375763                    EXT
0008339                    00000        -1898040286                    NAC
0008339                    00000     -1340680776925                    EXT
00083402101                00001              10949                    EXT
0008340131                 00001           81093076                    EXT
00083402101                00000            6716667                    EXT
00083402109                00000            6851629                    EXT
0008340220111              00000          367610147                    EXT
000834022102               00000         1323663248                    EXT
000834022111               00000           16676791                    EXT
000834022112               00000          394110469                    EXT
000834022121               00000         1365996088                    EXT
000834022122               00000         7152078340                    EXT
000834022181               00000           28503596                    EXT
0008340231                 00000          453981336                    EXT
000834029                  00000             345073                    EXT
000834111                  00001            1219308                    EXT
000834112                  00000           92583965                    EXT
000834113                  00000         1825690129                    EXT
0008341140                 00000            3889324                    EXT
0008341141                 00000            2060778                    EXT
000834199                  00000          137701947                    EXT
000834201                  00000           26306658                    EXT
0008343000                 00000         2009171926                    EXT
0008343001                 00000          667508439                    EXT
000834301                  00000          502736448                    EXT
0008343040                 00000           73909055                    EXT
0008343041                 00000             553682                    EXT
0008343049                 00000            4341237                    EXT
000834305                  00000             439562                    EXT
000834307                  00000            6951528                    EXT
0008343100                 00000             658251                    EXT
00083431010                00000          150137863                    EXT
0008343102                 00000           95274272                    EXT
00083431030                00000           26419596                    EXT
000834310310               00000           12386293                    EXT
000834310311               00000           41614035                    EXT
000834311011               00000          362261142                    EXT
00083431102                00000           47065603                    EXT
00083431103                00000             275738                    EXT
00083431104101             00579          190539764                    EXT
0008343110411              00000          385404763                    EXT
00083431110                00000           24682342                    EXT
00083431111                00000          291257422                    EXT
00083431112                00000          128752884                    EXT
00083431113                00000           38136568                    EXT
00083431114                00000            2104784                    EXT
00083431120                00000           85326283                    EXT
00083431121                00000              99522                    EXT
00083431122                00000            4997659                    EXT
00083431123                00000            9204927                    EXT
00083431124                00000            8179520                    EXT
00083431130                00000            1712998                    EXT
00083431140                00000            4586975                    EXT
00083431141                00000           35759449                    EXT
00083431141                00001            8748275                    EXT
00083431150                00000          232871230                    EXT
00083431151                00000          452272167                    EXT
0008343116                 00000           75618220                    EXT
00083431170                00000           24006176                    EXT
00083431171                00000            5071429                    EXT
00083431172                00000            5877605                    EXT
00083431176                00000              28047                    EXT
00083431177                00000             449972                    EXT
000834311910               00000            2961545                    EXT
000834311912               00001           95597568                    EXT
000834311912               00587            4125001                    EXT
000834311912               01239           15159016                    EXT
000834311913               00000          322015324                    EXT
000834311915               00000            9267326                    EXT
00083431192                00000            2446605                    EXT
00083431193                00000            4691390                    EXT
00083431194                00000            5990229                    EXT
00083431195                00000           18506517                    EXT
000834311960               00000            3000000                    EXT
000834311961               00000           11978555                    EXT
00083431197                00000           10193496                    EXT
00083431199                00000             574122                    EXT
0008343120                 00000           79388375                    EXT
0008343121                 00000          408884454                    EXT
0008344000                 00000          160924432                    EXT
0008344001                 00000          228086173                    EXT
0008344002                 00000          172884858                    EXT
0008344003                 00000            4845349                    EXT
0008344060                 00000          123880826                    EXT
0008344110                 00579          265818374                    EXT
0008344119                 00000           35527280                    EXT
000834416                  00000           14866667                    EXT
000834418                  00000            8689027                    EXT
00083450                   00000          129022782                    EXT
0008345900                 00000             555252                    EXT
0008345901                 00000           45831065                    EXT
0008345902                 00000              17482                    EXT
0008345903                 00000           13444022                    EXT
0008345904                 00000             499108                    EXT
0008345905                 00000             990382                    EXT
0008345906                 00000           53136703                    EXT
000834591                  00000           26054986                    EXT
00083460002                00000         1700389695                    EXT
00083474900                00000             784039                    EXT
00083474901                00000             113023                    EXT
00083474903                00000            7574059                    EXT
00083474905                00000             396108                    EXT
00083474906                00000            3241200                    EXT
0008347491                 00000          116960278                    EXT
0008347498                 00000          359236834                    EXT
000834910                  00000         1784502796                    EXT
000834911                  00000         -654888242                    EXT
00083502101                00000         -134819465                    EXT
00083502102                00000           -6077526                    EXT
00083502103                00000         -630742619                    EXT
000835022101               00000         -180714154                    EXT
000835022102               00000         -138867042                    EXT
000835022111               00000         -203072700                    EXT
000835022112               00000        -2685890654                    EXT
000835022141               00000           -8103212                    EXT
000835022142               00000           -9520223                    EXT
000835022151               00000        -1074862200                    EXT
000835022152               00000        -1438983404                    EXT
000835022171               00587               -374                    EXT
000835022171               00000         -888893799                    EXT
000835022172               00000        -6169127084                    EXT
00083503410                00000         -934792089                    EXT
00083503414                00000        -7323220658                    EXT
000835029                  00000         -122416914                    EXT
000835200                  00000          -24229404                    EXT
000835210                  00000           -3667535                    EXT
000835211                  00000        -1585526891                    EXT
000835211                  00399             -16325                    EXT
000835211                  00579             -22161                    EXT
0008352121                 00000        -2111425555                    EXT
000835213                  00000         -544260627                    EXT
000835214                  00000         -305188347                    EXT
000835220                  00000          -38756706                    EXT
000835221                  00000          -26536539                    EXT
0008352221                 00544            -913596                    EXT
00083522200                00000          -26610591                    EXT
0008352231                 00000           -8526127                    EXT
00083523                   00000         -119338276                    EXT
000835240                  00000         -141364982                    EXT
000835242                  00000         -336445434                    EXT
00083527                   00000          -65610213                    EXT
000835299                  00697             -10030                    EXT
000835299                  00511             -16439                    EXT
000835299                  00518              -1500                    EXT
000835299                  01239              -3766                    EXT
000835299                  00000          -47597788                    EXT
000835300                  00000         -681920384                    EXT
000835302                  00000         -164257305                    EXT
000835350                  00000         -472930894                    EXT
000835351                  00000          -46863375                    EXT
0008354030                 00000          -70518131                    EXT
00083550                   00513             -41150                    EXT
0008355901                 00000           -1219307                    EXT
0008355903                 00000            -192992                    EXT
0008355906                 00000           -4196130                    EXT
000835591                  00000            -269893                    EXT
000835591                  00518            -873102                    EXT
00083514                   00513           -7404498                    EXT
000835631                  00000           -1765927                    EXT
